{"fbx": "Firing Rifle.fbx", "bbox": {"min": [-0.3917500078678131, 0.0, -0.24334000051021576], "max": [0.3917500078678131, 1.7999999523162842, 0.24334000051021576], "size": [0.7835000157356262, 1.7999999523162842, 0.4866800010204315]}, "nverts": 26535, "ntris": 59796, "bones": [{"name": "mixamorig:Hips", "parentIdx": -1, "world": [[1.0, -8.881784197001252e-16, 4.71027737605133e-16, 0.0], [8.881784197001256e-16, 1.0, -9.420554752102651e-16, 0.0], [-4.710277376051322e-16, 9.420554752102655e-16, 1.0, 0.0], [8.264814475362807e-16, 0.9667755961418153, 0.06833519786596207, 1.0]], "local": [[1.0, -8.881784197001252e-16, 4.71027737605133e-16, 0.0], [8.881784197001256e-16, 1.0, -9.420554752102651e-16, 0.0], [-4.710277376051322e-16, 9.420554752102655e-16, 1.0, 0.0], [8.264814475362807e-16, 0.9667755961418153, 0.06833519786596207, 1.0]]}, {"name": "mixamorig:Spine", "parentIdx": 0, "world": [[1.0, -8.881784197001252e-16, 4.71027737605133e-16, 0.0], [9.605208581432665e-16, 0.9824053855587858, -0.18676096601028142, 0.0], [-2.9686312651817276e-16, 0.18676096601028142, 0.9824053855587858, 0.0], [9.258782801420864e-16, 1.068437099456787, 0.0490087792277326, 1.0]], "local": [[1.0, -1.0359675214240212e-16, -1.5758950821840007e-16, 0.0], [7.234243844314107e-17, 0.982405385558786, -0.1867609660102805, 0.0], [1.7416461108695932e-16, 0.1867609660102805, 0.982405385558786, 0.0], [1.755635539370973e-17, 0.10590919961431122, 0.16243185707159644, 1.0]]}, {"name": "mixamorig:Spine1", "parentIdx": 1, "world": [[1.0, -8.881784197001252e-16, 4.71027737605133e-16, 0.0], [9.605208451059443e-16, 0.9824053937607558, -0.18676092286603863, 0.0], [-2.9686316870131345e-16, 0.18676092286603863, 0.9824053937607558, 0.0], [1.0418410822634443e-15, 1.1870420004503364, 0.026461299025789916, 1.0]], "local": [[1.0, 2.068609810568133e-23, 3.900608266215507e-23, 1.0687746100834863e-31], [-2.0686099578930282e-23, 0.9999999999999991, 4.3916944322129784e-08, 1.052182778863081e-16], [-3.9006081786992744e-23, -4.391694436382643e-08, 0.9999999999999991, -2.8501203135032906e-17], [1.1596282613479453e-16, 0.11860490314586612, -0.022547527124435238, 0.9999999999999999]]}, {"name": "mixamorig:Spine2", "parentIdx": 2, "world": [[1.0, -8.881784197001252e-16, 4.71027737605133e-16, 0.0], [9.605208451059443e-16, 0.9824053937607558, -0.18676092286603865, 0.0], [-2.968631687013134e-16, 0.18676092286603865, 0.9824053937607558, 0.0], [1.1743701298583196e-15, 1.322590596099546, 0.0006927313819794743, 1.0]], "local": [[1.0, -1.149759816820144e-31, -1.1541065791154036e-32, 0.0], [-1.0369132496066811e-31, 1.0, -2.095410803764189e-17, 0.0], [3.689525972235311e-32, 6.182427038534429e-17, 1.0, 0.0], [1.325290475948753e-16, 0.13554859564920974, -0.025768567643810417, 1.0]]}, {"name": "mixamorig:Neck", "parentIdx": 3, "world": [[1.0, -8.881784197001251e-16, 4.71027737605133e-16, 0.0], [8.881784197001256e-16, 1.0, -9.71445146547012e-16, 0.0], [-4.710277376051322e-16, 9.71445146547012e-16, 1.0, 0.0], [1.3234651899691408e-15, 1.4750826424557475, -0.028296889124784147, 1.0]], "local": [[1.0, 7.234242540581892e-17, 1.7416456890381863e-16, 0.0], [-1.0359672453545432e-16, 0.982405393760756, 0.1867609228660377, 0.0], [-1.575894737619701e-16, -0.1867609228660377, 0.982405393760756, 0.0], [2.8622028094207297e-16, 0.17589188226249663, -0.2759856724723623, 1.0]]}, {"name": "mixamorig:Head", "parentIdx": 4, "world": [[1.0, -8.881784197001251e-16, 4.71027737605133e-16, 0.0], [8.881784197001256e-16, 1.0, -9.71445146547012e-16, 0.0], [-4.710277376051322e-16, 9.71445146547012e-16, 1.0, 0.0], [1.406754045406393e-15, 1.5937200850445536, 0.018584343285885062, 1.0]], "local": [[1.0, 3.546045617760734e-32, 0.0, 0.0], [3.548609225809707e-32, 1.0, -5.442584044063753e-20, 0.0], [0.0, 0.0, 1.0, 0.0], [8.328885543725202e-17, 0.11863744258880615, 0.04688123241066921, 1.0]]}, {"name": "mixamorig:HeadTop_End", "parentIdx": 5, "world": [[1.0, -8.881784197001251e-16, 4.71027737605133e-16, 0.0], [8.881784197001256e-16, 1.0, -9.71445146547012e-16, 0.0], [-4.710277376051322e-16, 9.71445146547012e-16, 1.0, 0.0], [1.5430379617396658e-15, 1.787844187637022, 0.09529515975865366, 1.0]], "local": [[1.0, 3.546045617760734e-32, 0.0, 0.0], [-6.289939513338129e-32, 1.0, -5.260026572911343e-19, 0.0], [0.0, 0.0, 1.0, 0.0], [1.3628391633327275e-16, 0.19412410259246826, 0.07671081647276859, 1.0]]}, {"name": "mixamorig:LeftShoulder", "parentIdx": 3, "world": [[-0.08322413857855791, -0.18702254845803234, -0.978823941843537, 0.0], [0.8777301250355144, -0.4788583933295187, 0.016866141912488836, 0.0], [-0.47187240898679084, -0.8577395907302723, 0.20400790212849076, 0.0], [0.0700276494026197, 1.436022645850828, -0.026934651045474624, 1.0]], "local": [[-0.08322413857855693, -0.18702254845803257, -0.9788239418435372, 0.0], [0.7741594825237981, -0.6306253059980524, 0.05467009286024568, 0.0], [-0.6274956879344609, -0.7532159649151933, 0.19726852719207924, 0.0], [-0.9534337161095576, 2.270603521562556, -0.09937745584978618, 1.0]]}, {"name": "mixamorig:LeftArm", "parentIdx": 7, "world": [[0.06674142875274923, 0.08732645818348002, -0.9939414828797373, 0.0], [0.4321979417775035, -0.9003867942431181, -0.050085525612602454, 0.0], [-0.8993055769933442, -0.4262366836086847, -0.09783541656751253, 0.0], [0.21181226205202508, 1.3586699961143853, -0.024210169660013096, 1.0]], "local": [[0.7981561445921157, -0.5964349520558039, 0.08492418275167991, 4.133320693485258e-17], [0.5519262334587529, 0.780425835461829, 0.2937906536357833, 7.47664390730651e-17], [-0.24150404069059464, -0.187618931107437, 0.9520897725636058, -2.827344890277133e-17], [-0.6431641337580115, 0.2746743102592751, -0.42640303652788747, 0.9999999999999999]]}, {"name": "mixamorig:LeftForeArm", "parentIdx": 8, "world": [[0.5692107696451163, -0.18325714946430036, -0.8015085257751376, 0.0], [0.1965320968361857, -0.9162578259675176, 0.34906551142507725, 0.0], [-0.7983572099212153, -0.35621399961750205, -0.4855279104678905, 0.0], [0.29142454784178917, 1.1928157834506712, -0.033436088752580306, 1.0]], "local": [[0.8408977990883781, -0.08789035404597015, 0.5340095290853866, 0.0], [0.21304138532869046, 0.9608147226754933, -0.1773370712153771, 0.0], [-0.4974979996196512, 0.2628884827368619, 0.8266712684125153, 0.0], [-0.18818536629073357, -0.08763352260173218, 0.1144105544549654, 1.0]]}, {"name": "mixamorig:LeftHand", "parentIdx": 9, "world": [[0.8584484706484663, -0.07367219095836126, -0.5075811575705952, 0.0], [0.0736986133025924, -0.9616426715468527, 0.2642193911458958, 0.0], [-0.5075773218324331, -0.2642267596963406, -0.8200911423871059, 0.0], [0.34036501185723894, 0.9646490772439817, 0.053488277682141844, 1.0]], "local": [[0.9083502721621876, -0.01998131650541134, 0.4177326059258371, 0.0], [-0.04403760296940916, 0.9887348501763393, 0.14305273702897453, 0.0], [-0.41588516754939575, -0.14833793526095354, 0.897237640970846, 0.0], [0.11427261902458935, -0.213866251934977, -0.20888470331688966, 1.0]]}, {"name": "mixamorig:LeftHandThumb1", "parentIdx": 10, "world": [[0.8230201741240771, -0.43033770587321546, -0.3707387919931682, 0.0], [-0.2549568504008918, -0.8631300638684583, 0.43589390599099803, 0.0], [-0.5075773807198591, -0.26422708368032566, -0.8200910015549245, 0.0], [0.31780834712420125, 0.9234026671694626, 0.08073848934446448, 1.0]], "local": [[0.9453652109916126, -0.29891855878606055, 0.1301242216501183, 0.0], [0.3186592139207959, 0.9315424882994097, -0.17517105319179882, 0.0], [-0.06885436246284632, 0.20706590184337006, 0.9759010139679266, 0.0], [-0.3076723095293289, 0.1154568857671392, 0.15322808749553302, 1.0]]}, {"name": "mixamorig:LeftHandThumb2", "parentIdx": 11, "world": [[0.8230201741240771, -0.43033770587321546, -0.37073879199316817, 0.0], [-0.34339278249653304, -0.8968751334674911, 0.2787407252214129, 0.0], [-0.4524590477756681, -0.1021002148452614, -0.8859211907469473, 0.0], [0.2997630396679344, 0.8904055345831506, 0.10253866281079413, 1.0]], "local": [[0.9945705276439143, -0.07368839476608575, 0.07348119500187505, 0.0], [0.06176795534681266, 0.986288074339747, 0.15303775386311547, 0.0], [-0.08375073273936307, -0.14766805643737194, 0.9854846319824722, 0.0], [-0.06659456289100563, 0.01500577888442689, -0.1416962848707378, 1.0]]}, {"name": "mixamorig:LeftHandThumb3", "parentIdx": 12, "world": [[0.8230201741240771, -0.4303377058732155, -0.3707387919931681, 0.0], [-0.3622275256660414, -0.9003916791180899, 0.24101046413955754, 0.0], [-0.4375260136661966, -0.06406467886976086, -0.8969206789268956, 0.0], [0.286599829761447, 0.8543381683598784, 0.11341807236978685, 1.0]], "local": [[0.999711128471012, -0.01600196599337698, 0.017933117285138096, 0.0], [0.01536774680311005, 0.999270465954872, 0.03496238304991292, 0.0], [-0.01847950133015556, -0.03467669180703578, 0.9992277193292372, 0.0], [-0.024865280350641672, -0.027065285496390423, -0.0255477869316858, 1.0]]}, {"name": "mixamorig:LeftHandThumb4", "parentIdx": 13, "world": [[0.8230201741240771, -0.4303377058732154, -0.370738791993168, 0.0], [-0.3622275227160894, -0.9003916786861437, 0.24101047018690766, 0.0], [-0.43752601610846015, -0.06406468494051358, -0.8969206773019195, 0.0], [0.28323353714545096, 0.8259640333150076, 0.11708687035468952, 1.0]], "local": [[1.0, 2.4996494536993696e-09, -2.9014859392307044e-09, 0.0], [-2.4996493789035732e-09, 0.9999999999999998, -5.549087340690278e-09, 0.0], [2.901486008444818e-09, 5.5490872265416015e-09, 1.0, 0.0], [-0.0033662908095310473, -0.028374136390636684, 0.003668803557265149, 1.0]]}, {"name": "mixamorig:LeftHandIndex1", "parentIdx": 10, "world": [[0.7958474729185397, -0.5084827877431741, -0.32874314353018214, 0.0], [-0.43872044921745984, -0.858443181646043, 0.2657059866165041, 0.0], [-0.4173142308711814, -0.06723509838135071, -0.9062716338151857, 0.0], [0.3458461288007865, 0.8675856624451913, 0.07684637729776747, 1.0]], "local": [[0.862680196929705, -0.46564533240602873, 0.1973760427047948, 0.0], [0.47352606484739174, 0.880741947790104, 0.00816623003821509, 0.0], [-0.17763992719957247, 0.08641785585961155, 0.9802938388326013, 0.0], [-0.3950648544087219, 0.17184579203413197, -0.0506452971502821, 1.0]]}, {"name": "mixamorig:LeftHandIndex2", "parentIdx": 15, "world": [[0.79584747291854, -0.5084827877431742, -0.32874314353018225, 0.0], [-0.5065267298747067, -0.8565626376949353, 0.09864643748018652, 0.0], [-0.3317491096771951, 0.08800967148005133, -0.9392533342790772, 0.0], [0.33429784610990415, 0.8246487391988542, 0.08534949151005569, 1.0]], "local": [[0.994040459169245, -0.06561088481848772, 0.08705617340506386, 0.0], [0.05245485996150153, 0.9879477624925644, 0.14562865876040781, 0.0], [-0.09556177688289752, -0.1401942594376503, 0.9855016572384404, 0.0], [-0.04765270663171639, 0.0009841166928932221, -0.146836117611669, 1.0]]}, {"name": "mixamorig:LeftHandIndex3", "parentIdx": 16, "world": [[0.7958474729185402, -0.5084827877431743, -0.32874314353018225, 0.0], [-0.5177265985698243, -0.8529953990917594, 0.066015288090049, 0.0], [-0.31398402663590363, 0.11766096930257783, -0.9421092969078927, 0.0], [0.3150851207276873, 0.7987904555244258, 0.08971255808144042, 1.0]], "local": [[0.9997794823828743, -0.011643693357746173, 0.017476012452020226, 0.0], [0.01115688819360648, 0.999554037673094, 0.02769927105991227, 0.0], [-0.017790740627296915, -0.02749818496566476, 0.9994635257834705, 0.0], [-0.026821089933895592, -0.01925110368928762, -0.024275507904610416, 1.0]]}, {"name": "mixamorig:LeftHandIndex4", "parentIdx": 17, "world": [[0.7958474729185404, -0.5084827877431745, -0.3287431435301822, 0.0], [-0.5177265989534096, -0.8529953989480167, 0.066015286939101, 0.0], [-0.31398402600341185, 0.1176609703446579, -0.9421092969885417, 0.0], [0.2915027495719366, 0.7713469870406325, 0.09414459448312783, 1.0]], "local": [[1.0000000000000002, -4.016159822306091e-10, 6.211990113677801e-10, 0.0], [4.0161598591931303e-10, 1.0000000000000004, 9.722640808105345e-10, 0.0], [-6.211989489429416e-10, -9.722641132060861e-10, 1.0, 0.0], [-0.02358237142082842, -0.027443468270026306, 0.004432035429321593, 1.0]]}, {"name": "mixamorig:RightShoulder", "parentIdx": 3, "world": [[-0.12049048407566729, 0.18651248535707401, 0.9750359665433571, 0.0], [-0.8777301486414428, -0.478858350987648, -0.01686611559491359, 0.0], [0.4637583739546725, -0.8578506702773611, 0.22140550601012704, 0.0], [-0.07002764940261712, 1.436022645850828, -0.029659129066738812, 1.0]], "local": [[-0.12049048407566827, 0.1865124853570738, 0.975035966543357, 0.0], [-0.7756748903851551, -0.6306460097198965, 0.02478053369783722, 0.0], [0.619524420562409, -0.7533250979691964, 0.22065989462635005, 0.0], [0.9554435022433094, 2.270630979710262, -0.06258648793557933, 1.0]]}, {"name": "mixamorig:RightArm", "parentIdx": 19, "world": [[0.02298520776555201, -0.07723800270980968, 0.9967476968427738, 0.0], [-0.43196734521032465, -0.8999063616967845, -0.05977250914592861, 0.0], [0.9015963026188154, -0.42918857290829104, -0.05404882967304689, 0.0], [-0.21181226586521906, 1.3586700029541026, -0.03238360614363178, 1.0]], "local": [[0.7945040985755033, 0.600141594259166, -0.09270007651988961, 0.0], [-0.5622967936864113, 0.7847015295007547, 0.2608942801388287, 0.0], [0.22931540104560852, -0.15515661906358608, 0.9609062755565961, 0.0], [0.6580972130983689, 0.26924553132158, -0.38502562580629796, 1.0]]}, {"name": "mixamorig:RightForeArm", "parentIdx": 20, "world": [[0.564574993480726, 0.18040482388238333, 0.8054248420903124, 0.0], [-0.19694647257967252, -0.918189448896982, 0.34371532242930425, 0.0], [0.8015404940953781, -0.35267865749747707, -0.48285670842509254, 0.0], [-0.29142455419150315, 1.1928157938138693, -0.04339977700260783, 1.0]], "local": [[0.8207172643088201, 0.08280072738671203, -0.5653027610136695, 4.2553213117020866e-17], [-0.21038528207716814, 0.9637160677359227, -0.16428442979455174, 8.851395871094596e-17], [0.5311884836390535, 0.2537624486243818, 0.808358469070128, 6.968513315099937e-18], [0.18545939965993777, -0.0908003659104494, 0.08624805328673524, 0.9999999999999999]]}, {"name": "mixamorig:RightHand", "parentIdx": 21, "world": [[0.8208967883831134, 0.1677166488142976, 0.5458933856833139, 0.0], [-0.006888264336668668, -0.952924760675651, 0.3031286068745091, 0.0], [0.5710350380114324, -0.2525975577905578, -0.781097598998696, 0.0], [-0.34036503040557375, 0.9646490838427874, 0.042012214260746, 1.0]], "local": [[0.9225221248265046, 0.07989662488111006, -0.3775837106367246, 0.0], [-0.046973398420880386, 0.9943081209052667, 0.09562876420110328, 0.0], [0.3830749653088594, -0.07048326066836125, 0.9210242564228, 0.0], [0.001136548149012484, -0.2011524661984453, -0.1421202032207711, 1.0]]}, {"name": "mixamorig:RightHandThumb1", "parentIdx": 22, "world": [[0.7794479515343602, 0.4654467739811203, 0.41930918358587976, 0.0], [0.257642693871542, -0.8482650759074162, 0.46267332243214504, 0.0], [0.5710351417763221, -0.2525978257751893, -0.7810974364764889, 0.0], [-0.3197509416044278, 0.925693755288057, 0.06968019185461613, 1.0]], "local": [[0.9641526830366601, 0.24368462695165685, -0.10501145833022751, 0.0], [-0.2590297862661412, 0.950201561476145, -0.17326442911115122, 0.0], [0.05756017390632663, 0.19425445980910627, 0.979260961758481, 0.0], [0.2558675313235483, 0.08386335501927356, 0.15993641510914872, 1.0]]}, {"name": "mixamorig:RightHandThumb2", "parentIdx": 23, "world": [[0.7794479515343602, 0.46544677398112033, 0.41930918358587976, 0.0], [0.3860219984565737, -0.8839976665181394, 0.2636951692733047, 0.0], [0.49340440569220945, -0.04367409050056829, -0.8687028641960757, 0.0], [-0.30325967735452103, 0.8945295256432987, 0.09181457117138528, 1.0]], "local": [[0.9887461114846512, 0.11009655388902626, -0.10129104523965757, 0.0], [-0.08929032540058895, 0.9775370274035734, 0.19091515876127438, 0.0], [0.12003484833096818, -0.17972231045907014, 0.9763664917997826, 0.0], [0.0871842681704349, 0.03735616565972233, -0.18533571064425888, 1.0]]}, {"name": "mixamorig:RightHandThumb3", "parentIdx": 24, "world": [[0.7794479515343602, 0.46544677398112033, 0.4193091835858799, 0.0], [0.23284955969685323, -0.8366186254755416, 0.49583299411837906, 0.0], [0.5815857403666901, -0.28884005279390035, -0.7604797502262278, 0.0], [-0.2883344645691504, 0.8578706430119193, 0.1021347957862381, 1.0]], "local": [[0.9843811281097133, -0.1026766138130805, 0.14300806829451074, 0.0], [0.13155283884745142, 0.9688244387013342, -0.2099358415474148, 0.0], [-0.11699421016710357, 0.2254699978953395, 0.9671998939394337, 0.0], [-0.09674748655993179, -0.06061053051680376, 0.244494141692202, 1.0]]}, {"name": "mixamorig:RightHandThumb4", "parentIdx": 25, "world": [[0.7794479515343601, 0.46544677398112033, 0.41930918358587993, 0.0], [0.23284956542414706, -0.8366186283199575, 0.4958329866293871, 0.0], [0.5815857380736528, -0.288840044555114, -0.7604797551090524, 0.0], [-0.28661546541479066, 0.8303741867569919, 0.11389292988253318, 1.0]], "local": [[1.0, 4.129239679554123e-09, -4.58358959850907e-09, 0.0], [-4.129239754255413e-09, 0.9999999999999998, 7.67578533692628e-09, 0.0], [4.583589627681659e-09, -7.675785507453079e-09, 1.0, 0.0], [0.0017190022285692441, -0.027496454280360183, 0.01175812618985729, 1.0]]}, {"name": "mixamorig:RightHandIndex1", "parentIdx": 22, "world": [[0.817778999286944, 0.25826224120432095, 0.5143326968931347, 0.0], [0.3761414441854081, -0.9162293258655619, -0.13799071124554843, 0.0], [0.43560890979336, 0.3063077491544381, -0.8464162336088447, 0.0], [-0.3435457400065803, 0.8884793567692317, 0.07019714257222019, 1.0]], "local": [[0.9174691427882533, 0.3932303313364227, -0.06016875059725604, 0.0], [-0.33131308921506797, 0.839039899315779, 0.43155959527154, 0.0], [0.22018630508311798, -0.37600791730123767, 0.9000755730385251, 0.0], [0.2790790264247243, 0.22873906545383282, -0.4043999320818937, 1.0]]}, {"name": "mixamorig:RightHandIndex2", "parentIdx": 27, "world": [[0.817778999286944, 0.258262241204321, 0.5143326968931347, 0.0], [0.1840207075036963, -0.9640856760675471, 0.19150767193827686, 0.0], [0.5453199863704643, -0.06196308553889743, -0.8359346197493055, 0.0], [-0.33859968545643065, 0.8460898461390328, 0.057402384992424, 1.0]], "local": [[0.9755265511065845, -0.17842281348787184, 0.12850388209375002, 0.0], [0.20963200597832318, 0.9310431810298095, -0.29868548194948785, 0.0], [-0.06635035912183594, 0.3183141446511065, 0.9456604756250722, 0.0], [-0.18505779877132278, -0.06476394135528685, 0.30054256790646183, 1.0]]}, {"name": "mixamorig:RightHandIndex3", "parentIdx": 28, "world": [[0.8177789992869439, 0.258262241204321, 0.5143326968931348, 0.0], [0.11405746519662856, -0.9486640221685866, 0.29500418247177146, 0.0], [0.5641173662972665, -0.1825847414518513, -0.8052542512963196, 0.0], [-0.3249453938759046, 0.8064178327249665, 0.06925039212670202, 1.0]], "local": [[0.997375901616885, -0.06293949609707095, 0.03577611919916069, 0.0], [0.06628581609917548, 0.9926062943579188, -0.10168055362313351, 0.0], [-0.029111878296874734, 0.10378518310475444, 0.9941735936494895, 0.0], [-0.04164689200530525, -0.060685084763303476, 0.11032712343274863, 1.0]]}, {"name": "mixamorig:RightHandIndex4", "parentIdx": 29, "world": [[0.8177789992869441, 0.25826224120432106, 0.5143326968931345, 0.0], [0.1140574666406168, -0.9486640226359542, 0.29500418041053805, 0.0], [0.56411736600531, -0.18258473902352754, -0.8052542520514505, 0.0], [-0.3166283408115918, 0.7829156034843824, 0.0804058042491999, 1.0]], "local": [[1.0000000000000002, 1.3165528756529318e-09, -6.6108170223169e-10, 0.0], [-1.3165528843991156e-09, 0.9999999999999999, 2.0932933239130344e-09, 0.0], [6.610818279896578e-10, -2.0932933457110207e-09, 0.9999999999999999, 0.0], [0.008317054080224373, -0.023502228667814817, 0.011155410219613277, 1.0]]}, {"name": "mixamorig:LeftUpLeg", "parentIdx": 0, "world": [[-0.9945102515250623, -0.1043652288917764, -0.007566941913635455, 0.0], [0.10463918774320266, -0.9919064956632221, -0.07191762127287896, 0.0], [1.690547999450243e-10, -0.07231461027671783, 0.9973818712712431, 0.0], [0.11579784750938493, 0.9102410078048706, 0.06384412944316784, 1.0]], "local": [[-0.9945102515250622, -0.10436522889177724, -0.0075669419136359896, 0.0], [0.10463918774320355, -0.9919064956632221, -0.07191762127287801, 0.0], [1.6905423292719074e-10, -0.07231461027671694, 0.9973818712712432, 0.0], [0.014635234387602461, 1.8741336346684805, 0.06521604310111186, 1.0]]}, {"name": "mixamorig:LeftLeg", "parentIdx": 31, "world": [[-0.993588554113315, -0.11276056068015639, -0.008175640042755915, 0.0], [0.11279225403419185, -0.9837286264047944, -0.13984240065739392, 0.0], [0.007726096355746498, -0.13986795754150955, 0.9901400213546913, 0.0], [0.15893359494081805, 0.5013442155085525, 0.034197297773810725, 1.0]], "local": [[0.9999364927108251, 0.009204969113749895, -0.0065022372141617275, 0.0], [-0.008741982209652043, 0.9976495930659391, 0.0679622483619613, 0.0], [0.007112544707799504, -0.0679010898217524, 0.9976667047209693, 0.0], [0.0506463179105516, -0.40348818516175733, -0.09060694483181478, 1.0]]}, {"name": "mixamorig:LeftFoot", "parentIdx": 32, "world": [[-0.978062889022757, -0.1347276592164351, 0.1588755580903438, 0.0], [0.20816068906366347, -0.660980093506724, 0.7209538428473653, 0.0], [0.00788115759256929, 0.7382098440348128, 0.6745251022201463, 0.0], [0.20166202668892588, 0.12868402528614642, -0.01877838206412072, 1.0]], "local": [[0.9953318956397691, 0.06501390588734847, -0.07132748112344126, 0.0], [-0.0955890303929489, 0.5621651027364668, -0.8214822788921463, 0.0], [-0.013309950814325792, 0.8244656386451583, 0.5657554735950431, 0.0], [0.09184852216056665, -0.1916815878643961, 0.38505603119656906, 1.0]]}, {"name": "mixamorig:LeftToeBase", "parentIdx": 33, "world": [[-0.9541511633539057, 0.024867408411564727, 0.29829041129288836, 0.0], [0.29903464941510977, 0.03529650169283278, 0.9535892383083142, 0.0], [0.01318468503873064, 0.9990674496585008, -0.041114414908753893, 0.0], [0.2375292409227034, 0.01479357782859364, 0.10544586902784568, 1.0]], "local": [[0.9955710126511046, -0.009100737183242082, -0.0935710176901784, 0.0], [-0.05937233346875001, 0.7108408134772018, -0.7008425386016074, 0.0], [0.07289228208342553, 0.7032940455298848, 0.7071521765043779, 0.0], [0.04576944278261372, -0.06163828199221434, 0.22778200280148245, 1.0]]}, {"name": "mixamorig:LeftToe_End", "parentIdx": 34, "world": [[-0.9541511633539058, 0.02486740841156478, 0.29829041129288836, 0.0], [0.29903464940466623, 0.03529650090147901, 0.9535892383408806, 0.0], [0.01318468527559378, 0.999067449686459, -0.04111441415342309, 0.0], [0.25996393364056447, 0.01744165291758727, 0.17698768483209826, 1.0]], "local": [[1.0, -2.362736238836064e-10, 1.9697272271684764e-11, 0.0], [2.3627363011643243e-10, 1.0, 7.557758975111093e-10, 0.0], [-1.969738786411279e-11, -7.557759052932382e-10, 1.0, 0.0], [0.022434692716442772, 0.002648075224808968, 0.07154181578839326, 1.0]]}, {"name": "mixamorig:RightUpLeg", "parentIdx": 0, "world": [[-0.994510629589117, 0.10435802112493159, 0.0076164992710819005, 0.0], [-0.1046355944899156, -0.991872429314943, -0.07239113433712344, 0.0], [1.0847221024605268e-10, -0.07279070951544464, 0.9973472377302894, 0.0], [-0.11579784750938338, 0.9102410078048708, 0.06300611793994812, 1.0]], "local": [[-0.9945106295891171, 0.10435802112493074, 0.007616499271081366, 0.0], [-0.10463559448991472, -0.9918724293149432, -0.07239113433712249, 0.0], [1.0847184037649549e-10, -0.07279070951544366, 0.9973472377302895, 0.0], [-0.01463870827615446, 1.874133234489997, 0.06483817916273191, 1.0]]}, {"name": "mixamorig:RightLeg", "parentIdx": 36, "world": [[-0.993587452638424, 0.11276629915739397, 0.008230172163016178, 0.0], [-0.11281791292470479, -0.9839536557147766, -0.13822923688149805, 0.0], [-0.007489491491515529, -0.13827134619968343, 0.9903660648150896, 0.0], [-0.1589335971478324, 0.5013441795955331, 0.03316306145408762, 1.0]], "local": [[0.9999380524624617, -0.00919070747021181, 0.006278704784942069, 0.0], [0.008757322390538322, 0.9977894400523126, 0.06587520493054284, 0.0], [-0.006870265069677996, -0.06581613948181582, 0.9978081154418332, 0.0], [-0.0506813282571314, -0.4038021305903372, -0.08894020677496445, 1.0]]}, {"name": "mixamorig:RightFoot", "parentIdx": 37, "world": [[-0.9781430809032796, 0.13443635374081017, -0.15862843400196525, 0.0], [-0.2077945649520443, -0.6598132954059849, 0.722127297629639, 0.0], [-0.00758498895389397, 0.7393059461402771, 0.6733269532286665, 0.0], [-0.201662069455557, 0.12868316444572925, -0.0191896535568728, 1.0]], "local": [[0.9953704489158094, -0.06467254094089915, 0.07109945058428786, 0.0], [0.0952074331759159, 0.562160765761251, -0.8215295600931088, 0.0], [0.013161082523613012, 0.8244954432178331, 0.5657155203985788, 0.0], [-0.09163241778022367, -0.19077429608611757, 0.3852186426295723, 1.0]]}, {"name": "mixamorig:RightToeBase", "parentIdx": 38, "world": [[-0.9563937046971521, -0.017869976458364162, -0.29153343814566895, 0.0], [-0.2919959519253996, 0.03446716512479342, 0.955798293881842, 0.0], [-0.007031761858647535, 0.9992460550183011, -0.038182140530954145, 0.0], [-0.2375291275004555, 0.014793946803786207, 0.10545547931891505, 1.0]], "local": [[0.9962183925030946, 0.002738033956880701, 0.08684133582921007, 0.0], [0.05889010553101473, 0.7136042818514559, -0.6980693979783199, 0.0], [-0.06388168680534836, 0.7005436689410012, 0.7107444674407142, 0.0], [-0.04543369741129025, -0.06303956244445864, 0.22643680204874528, 1.0]]}, {"name": "mixamorig:RightToe_End", "parentIdx": 39, "world": [[-0.9563937046971522, -0.01786997645836428, -0.2915334381456689, 0.0], [-0.2919959519061275, 0.034467162386143765, 0.9557982939864885, 0.0], [-0.007031762658925635, 0.999246055112766, -0.03818213791138249, 0.0], [-0.2599638150868329, 0.017442134481885824, 0.17889155585836308, 1.0]], "local": [[1.0000000000000002, 7.990104716209244e-10, -4.8976688601916994e-11, 0.0], [-7.990104769224414e-10, 1.0000000000000002, 2.621203516916342e-09, 0.0], [4.897669672970574e-11, -2.6212035052536237e-09, 1.0000000000000002, 0.0], [-0.022434687579721724, 0.002648188144308148, 0.07343607648903666, 1.0]]}], "clips": [{"name": "mixamo.com", "duration": 1.36666667374671, "tracks": [{"bone": "mixamorig:Hips", "chans": {"t": {"x": {"n": 83, "t0": 0.0, "t1": 1.3666666666666667, "v0": 0.001174052944406867}, "y": {"n": 83, "t0": 0.0, "t1": 1.3666666666666667, "v0": 0.8881723880767822}, "z": {"n": 83, "t0": 0.0, "t1": 1.3666666666666667, "v0": -0.006063390057533979}}, "r": {"x": {"n": 83, "t0": 0.0, "t1": 1.3666666666666667, "v0": -11.898433685302734}, "y": {"n": 83, "t0": 0.0, "t1": 1.3666666666666667, "v0": -32.26869201660156}, "z": {"n": 83, "t0": 0.0, "t1": 1.3666666666666667, "v0": 4.096817493438721}}}}, {"bone": "mixamorig:Spine", "chans": {"r": {"x": {"n": 83, "t0": 0.0, "t1": 1.3666666666666667, "v0": 13.18370532989502}, "y": {"n": 83, "t0": 0.0, "t1": 1.3666666666666667, "v0": -6.496880054473877}, "z": {"n": 83, "t0": 0.0, "t1": 1.3666666666666667, "v0": 3.2569072246551514}}}}, {"bone": "mixamorig:Spine1", "chans": {"r": {"x": {"n": 83, "t0": 0.0, "t1": 1.3666666666666667, "v0": 2.0030651092529297}, "y": {"n": 83, "t0": 0.0, "t1": 1.3666666666666667, "v0": -2.467186212539673}, "z": {"n": 83, "t0": 0.0, "t1": 1.3666666666666667, "v0": 0.28847041726112366}}}}, {"bone": "mixamorig:Spine2", "chans": {"r": {"x": {"n": 83, "t0": 0.0, "t1": 1.3666666666666667, "v0": 1.9906104803085327}, "y": {"n": 83, "t0": 0.0, "t1": 1.3666666666666667, "v0": -2.471289873123169}, "z": {"n": 83, "t0": 0.0, "t1": 1.3666666666666667, "v0": 0.3295946717262268}}}}, {"bone": "mixamorig:Neck", "chans": {"r": {"x": {"n": 83, "t0": 0.0, "t1": 1.3666666666666667, "v0": 11.965767860412598}, "y": {"n": 83, "t0": 0.0, "t1": 1.3666666666666667, "v0": 14.45920467376709}, "z": {"n": 83, "t0": 0.0, "t1": 1.3666666666666667, "v0": -3.3752965927124023}}}}, {"bone": "mixamorig:Head", "chans": {"r": {"x": {"n": 83, "t0": 0.0, "t1": 1.3666666666666667, "v0": 17.853233337402344}, "y": {"n": 83, "t0": 0.0, "t1": 1.3666666666666667, "v0": 8.278952598571777}, "z": {"n": 83, "t0": 0.0, "t1": 1.3666666666666667, "v0": 7.013713836669922}}}}, {"bone": "mixamorig:LeftShoulder", "chans": {"r": {"x": {"n": 83, "t0": 0.0, "t1": 1.3666666666666667, "v0": 1.1894477605819702}, "y": {"n": 83, "t0": 0.0, "t1": 1.3666666666666667, "v0": 5.635975360870361}, "z": {"n": 83, "t0": 0.0, "t1": 1.3666666666666667, "v0": 10.412717819213867}}}}, {"bone": "mixamorig:LeftArm", "chans": {"r": {"x": {"n": 83, "t0": 0.0, "t1": 1.3666666666666667, "v0": -29.31867218017578}, "y": {"n": 83, "t0": 0.0, "t1": 1.3666666666666667, "v0": -14.194188117980957}, "z": {"n": 83, "t0": 0.0, "t1": 1.3666666666666667, "v0": 53.92290115356445}}}}, {"bone": "mixamorig:LeftForeArm", "chans": {"r": {"x": {"n": 83, "t0": 0.0, "t1": 1.3666666666666667, "v0": -25.494726181030273}, "y": {"n": 83, "t0": 0.0, "t1": 1.3666666666666667, "v0": 12.384300231933594}, "z": {"n": 83, "t0": 0.0, "t1": 1.3666666666666667, "v0": 24.425477981567383}}}}, {"bone": "mixamorig:LeftHand", "chans": {"r": {"x": {"n": 83, "t0": 0.0, "t1": 1.36666667374671, "v0": -24.898666381835938}, "y": {"n": 83, "t0": 0.0, "t1": 1.36666667374671, "v0": -135.76025390625}, "z": {"n": 83, "t0": 0.0, "t1": 1.36666667374671, "v0": 14.236282348632812}}}}, {"bone": "mixamorig:LeftHandThumb1", "chans": {"r": {"x": {"n": 83, "t0": 0.0, "t1": 1.3666666666666667, "v0": -4.162402629852295}, "y": {"n": 83, "t0": 0.0, "t1": 1.3666666666666667, "v0": 1.468979001045227}, "z": {"n": 83, "t0": 0.0, "t1": 1.3666666666666667, "v0": 2.7714388370513916}}}}, {"bone": "mixamorig:LeftHandThumb2", "chans": {"r": {"x": {"n": 83, "t0": 0.0, "t1": 1.3666666666666667, "v0": -3.7079806327819824}, "y": {"n": 83, "t0": 0.0, "t1": 1.3666666666666667, "v0": 20.242353439331055}, "z": {"n": 83, "t0": 0.0, "t1": 1.3666666666666667, "v0": 7.765681266784668}}}}, {"bone": "mixamorig:LeftHandThumb3", "chans": {"r": {"x": {"n": 83, "t0": 0.0, "t1": 1.3666666666666667, "v0": -11.047054290771484}, "y": {"n": 83, "t0": 0.0, "t1": 1.3666666666666667, "v0": 5.646052360534668}, "z": {"n": 83, "t0": 0.0, "t1": 1.3666666666666667, "v0": 18.921722412109375}}}}, {"bone": "mixamorig:LeftHandIndex1", "chans": {"r": {"x": {"n": 83, "t0": 0.0, "t1": 1.3666666666666667, "v0": 10.017291069030762}, "y": {"n": 83, "t0": 0.0, "t1": 1.3666666666666667, "v0": -6.640716075897217}, "z": {"n": 83, "t0": 0.0, "t1": 1.3666666666666667, "v0": 17.760406494140625}}}}, {"bone": "mixamorig:LeftHandIndex2", "chans": {"r": {"x": {"n": 83, "t0": 0.0, "t1": 1.3666666666666667, "v0": 24.769777297973633}, "y": {"n": 83, "t0": 0.0, "t1": 1.3666666666666667, "v0": -5.182344436645508}, "z": {"n": 83, "t0": 0.0, "t1": 1.3666666666666667, "v0": 29.039457321166992}}}}, {"bone": "mixamorig:LeftHandIndex3", "chans": {"r": {"x": {"n": 83, "t0": 0.0, "t1": 1.3666666666666667, "v0": 12.599823951721191}, "y": {"n": 83, "t0": 0.0, "t1": 1.3666666666666667, "v0": 0.3193332254886627}, "z": {"n": 83, "t0": 0.0, "t1": 1.3666666666666667, "v0": 15.89497184753418}}}}, {"bone": "mixamorig:RightShoulder", "chans": {"r": {"x": {"n": 83, "t0": 0.0, "t1": 1.3666666666666667, "v0": -1.381448745727539}, "y": {"n": 83, "t0": 0.0, "t1": 1.3666666666666667, "v0": -2.881960153579712}, "z": {"n": 83, "t0": 0.0, "t1": 1.3666666666666667, "v0": -4.8586649894714355}}}}, {"bone": "mixamorig:RightArm", "chans": {"r": {"x": {"n": 83, "t0": 0.0, "t1": 1.3666666666666667, "v0": 2.692044258117676}, "y": {"n": 83, "t0": 0.0, "t1": 1.3666666666666667, "v0": -33.544921875}, "z": {"n": 83, "t0": 0.0, "t1": 1.3666666666666667, "v0": -66.68380737304688}}}}, {"bone": "mixamorig:RightForeArm", "chans": {"r": {"x": {"n": 83, "t0": 0.0, "t1": 1.3666666666666667, "v0": -32.750511169433594}, "y": {"n": 83, "t0": 0.0, "t1": 1.3666666666666667, "v0": -28.239791870117188}, "z": {"n": 83, "t0": 0.0, "t1": 1.3666666666666667, "v0": -54.107120513916016}}}}, {"bone": "mixamorig:RightHand", "chans": {"r": {"x": {"n": 83, "t0": 0.0, "t1": 1.3666666666666667, "v0": 31.352903366088867}, "y": {"n": 83, "t0": 0.0, "t1": 1.3666666666666667, "v0": 38.17536163330078}, "z": {"n": 83, "t0": 0.0, "t1": 1.3666666666666667, "v0": 51.085140228271484}}}}, {"bone": "mixamorig:RightHandThumb1", "chans": {"r": {"x": {"n": 1, "t0": 0.0, "t1": 0.0, "v0": 8.920063972473145}, "y": {"n": 1, "t0": 0.0, "t1": 0.0, "v0": -0.7353397607803345}, "z": {"n": 1, "t0": 0.0, "t1": 0.0, "v0": -13.862091064453125}}}}, {"bone": "mixamorig:RightHandThumb2", "chans": {"r": {"x": {"n": 1, "t0": 0.0, "t1": 0.0, "v0": -6.409236907958984}, "y": {"n": 1, "t0": 0.0, "t1": 0.0, "v0": -18.99763298034668}, "z": {"n": 1, "t0": 0.0, "t1": 0.0, "v0": 16.977272033691406}}}}, {"bone": "mixamorig:RightHandThumb3", "chans": {"r": {"x": {"n": 1, "t0": 0.0, "t1": 0.0, "v0": 28.445558547973633}, "y": {"n": 1, "t0": 0.0, "t1": 0.0, "v0": -16.106510162353516}, "z": {"n": 1, "t0": 0.0, "t1": 0.0, "v0": 42.45049285888672}}}}, {"bone": "mixamorig:RightHandIndex1", "chans": {"r": {"x": {"n": 83, "t0": 0.0, "t1": 1.3666666666666667, "v0": -24.550024032592773}, "y": {"n": 83, "t0": 0.0, "t1": 1.3666666666666667, "v0": -17.25173568725586}, "z": {"n": 83, "t0": 0.0, "t1": 1.3666666666666667, "v0": -19.083972930908203}}}}, {"bone": "mixamorig:RightHandIndex2", "chans": {"r": {"x": {"n": 83, "t0": 0.0, "t1": 1.3666666666666667, "v0": 50.39405822753906}, "y": {"n": 83, "t0": 0.0, "t1": 1.3666666666666667, "v0": 8.404983520507812}, "z": {"n": 83, "t0": 0.0, "t1": 1.3666666666666667, "v0": -5.324703693389893}}}}, {"bone": "mixamorig:RightHandIndex3", "chans": {"r": {"x": {"n": 83, "t0": 0.0, "t1": 1.3666666666666667, "v0": 25.596830368041992}, "y": {"n": 83, "t0": 0.0, "t1": 1.3666666666666667, "v0": 0.2998485267162323}, "z": {"n": 83, "t0": 0.0, "t1": 1.3666666666666667, "v0": -19.182662963867188}}}}, {"bone": "mixamorig:LeftUpLeg", "chans": {"r": {"x": {"n": 83, "t0": 0.0, "t1": 1.3666666666666667, "v0": 26.108043670654297}, "y": {"n": 83, "t0": 0.0, "t1": 1.3666666666666667, "v0": -32.114376068115234}, "z": {"n": 83, "t0": 0.0, "t1": 1.3666666666666667, "v0": -9.164977073669434}}}}, {"bone": "mixamorig:LeftLeg", "chans": {"r": {"x": {"n": 83, "t0": 0.0, "t1": 1.3666666666666667, "v0": -76.40263366699219}, "y": {"n": 83, "t0": 0.0, "t1": 1.3666666666666667, "v0": 6.426124095916748}, "z": {"n": 83, "t0": 0.0, "t1": 1.3666666666666667, "v0": -9.011885643005371}}}}, {"bone": "mixamorig:LeftFoot", "chans": {"r": {"x": {"n": 83, "t0": 0.0, "t1": 1.3666666666666667, "v0": -8.2676420211792}, "y": {"n": 83, "t0": 0.0, "t1": 1.3666666666666667, "v0": 18.300979614257812}, "z": {"n": 83, "t0": 0.0, "t1": 1.3666666666666667, "v0": 16.153688430786133}}}}, {"bone": "mixamorig:LeftToeBase", "chans": {"r": {"x": {"n": 83, "t0": 0.0, "t1": 1.3666666666666667, "v0": 10.164523124694824}, "y": {"n": 83, "t0": 0.0, "t1": 1.3666666666666667, "v0": -3.1520884037017822}, "z": {"n": 83, "t0": 0.0, "t1": 1.3666666666666667, "v0": -0.42104005813598633}}}}, {"bone": "mixamorig:RightUpLeg", "chans": {"r": {"x": {"n": 83, "t0": 0.0, "t1": 1.3666666666666667, "v0": 26.743587493896484}, "y": {"n": 83, "t0": 0.0, "t1": 1.3666666666666667, "v0": -2.125944137573242}, "z": {"n": 83, "t0": 0.0, "t1": 1.3666666666666667, "v0": 11.774858474731445}}}}, {"bone": "mixamorig:RightLeg", "chans": {"r": {"x": {"n": 83, "t0": 0.0, "t1": 1.3666666666666667, "v0": -49.673099517822266}, "y": {"n": 83, "t0": 0.0, "t1": 1.3666666666666667, "v0": -3.2391743659973145}, "z": {"n": 83, "t0": 0.0, "t1": 1.3666666666666667, "v0": -10.125818252563477}}}}, {"bone": "mixamorig:RightFoot", "chans": {"r": {"x": {"n": 83, "t0": 0.0, "t1": 1.3666666666666667, "v0": 13.845088958740234}, "y": {"n": 83, "t0": 0.0, "t1": 1.3666666666666667, "v0": -0.8170274496078491}, "z": {"n": 83, "t0": 0.0, "t1": 1.3666666666666667, "v0": -2.8072752952575684}}}}, {"bone": "mixamorig:RightToeBase", "chans": {"r": {"x": {"n": 83, "t0": 0.0, "t1": 1.3666666666666667, "v0": 10.850591659545898}, "y": {"n": 83, "t0": 0.0, "t1": 1.3666666666666667, "v0": 3.2812063694000244}, "z": {"n": 83, "t0": 0.0, "t1": 1.3666666666666667, "v0": 0.3916274905204773}}}}]}]}